# h = 0.012000
# t V_out
0.000000000000000 0.000000000000000
0.0120000000000000 0.156983053491388
0.0240000000000000 0.353025443150630
0.0360000000000000 0.545128409982373
0.0480000000000000 0.713577097024325
0.0600000000000000 0.846798914960923
0.0720000000000000 0.937111779892806
0.0840000000000000 0.979664325880014
0.0960000000000000 0.967908353969454
0.108000000000000 0.956293453721821
0.120000000000000 0.944817932277159
0.132000000000000 0.933480117089833
0.144000000000000 0.922278355684755
0.156000000000000 0.911211015416538
0.168000000000000 0.900276483231539
0.180000000000000 0.889473165432761
0.192000000000000 0.878799487447567
0.204000000000000 0.868253893598197
0.216000000000000 0.857834846875018
0.228000000000000 0.847540828712518
0.240000000000000 0.837370338767968
0.252000000000000 0.827321894702752
0.264000000000000 0.817394031966319
0.276000000000000 0.807585303582723
0.288000000000000 0.797894279939731
0.300000000000000 0.788319548580454
0.312000000000000 0.778859713997488
0.324000000000000 0.769513397429518
0.336000000000000 0.760279236660364
0.348000000000000 0.751155885820440
0.360000000000000 0.742142015190595
0.372000000000000 0.733236311008308
0.384000000000000 0.767819532444283
0.396000000000000 0.849514746448200
0.408000000000000 0.913445924344742
0.420000000000000 0.938312336714590
0.432000000000000 0.927052588674015
0.444000000000000 0.915927957609927
0.456000000000000 0.904936822118608
0.468000000000000 0.894077580253184
0.480000000000000 0.883348649290146
0.492000000000000 0.872748465498664
0.504000000000000 0.862275483912680
0.516000000000000 0.851928178105728
0.528000000000000 0.841705039968459
0.540000000000000 0.831604579488838
0.552000000000000 0.821625324534972
0.564000000000000 0.811765820640552
0.576000000000000 0.802024630792865
0.588000000000000 0.792400335223351
0.600000000000000 0.782891531200671
0.612000000000000 0.773496832826263
0.624000000000000 0.764214870832348
0.636000000000000 0.755044292382359
0.648000000000000 0.745983760873771
0.660000000000000 0.737031955743286
0.672000000000000 0.728187572274366
0.684000000000000 0.719449321407074
0.696000000000000 0.710815929550189
0.708000000000000 0.702286138395587
0.720000000000000 0.720913556455548
0.732000000000000 0.783353312844889
0.744000000000000 0.829577196407961
0.756000000000000 0.840465243884897
0.768000000000000 0.830379660958279
0.780000000000000 0.820415105026779
0.792000000000000 0.810570123766458
0.804000000000000 0.800843282281260
0.816000000000000 0.791233162893885
0.828000000000000 0.781738364939159
0.840000000000000 0.772357504559889
0.852000000000000 0.763089214505170
0.864000000000000 0.753932143931108
0.876000000000000 0.744884958203935
0.888000000000000 0.735946338705488
0.900000000000000 0.727114982641022
0.912000000000000 0.718389602849329
0.924000000000000 0.709768927615137
0.936000000000000 0.701251700483756
0.948000000000000 0.692836680077951
0.960000000000000 0.684522639917015
0.972000000000000 0.676308368238011
0.984000000000000 0.668192667819155
0.996000000000000 0.660174355805325
1.00800000000000 0.652252263535661
1.02000000000000 0.644425236373233
1.03200000000000 0.636692133536754
1.04400000000000 0.629051827934313
1.05600000000000 0.635363692786807
1.06800000000000 0.679278171382679
1.08000000000000 0.709129162199792
1.09200000000000 0.700619612253395
1.10400000000000 0.692212176906354
1.11600000000000 0.683905630783478
1.12800000000000 0.675698763214076
1.14000000000000 0.667590378055507
1.15200000000000 0.659579293518841
1.16400000000000 0.651664341996615
1.17600000000000 0.643844369892656
1.18800000000000 0.636118237453944
1.20000000000000 0.628484818604497
1.21200000000000 0.620943000781243
1.22400000000000 0.613491684771868
1.23600000000000 0.606129784554605
1.24800000000000 0.598856227139950
1.26000000000000 0.591669952414271
1.27200000000000 0.584569912985299
1.28400000000000 0.577555074029476
1.29600000000000 0.570624413141122
1.30800000000000 0.563776920183429
1.32000000000000 0.557011597141227
1.33200000000000 0.550327457975533
1.34400000000000 0.543723528479826
1.35600000000000 0.537198846138068
1.36800000000000 0.530752459984411
1.38000000000000 0.524383430464598
1.39200000000000 0.530339901816126
1.40400000000000 0.561425303833988
1.41600000000000 0.579227798392720
1.42800000000000 0.572277064812007
1.44000000000000 0.565409740034263
1.45200000000000 0.558624823153852
1.46400000000000 0.551921325276006
1.47600000000000 0.545298269372694
1.48800000000000 0.538754690140221
1.50000000000000 0.532289633858539
1.51200000000000 0.525902158252236
1.52400000000000 0.519591332353209
1.53600000000000 0.513356236364971
1.54800000000000 0.507195961528591
1.56000000000000 0.501109609990248
1.57200000000000 0.495096294670365
1.58400000000000 0.489155139134321
1.59600000000000 0.483285277464709
1.60800000000000 0.477485854135132
1.62000000000000 0.471756023885511
1.63200000000000 0.466094951598884
1.64400000000000 0.460501812179698
1.65600000000000 0.454975790433541
1.66800000000000 0.449516080948339
1.68000000000000 0.444121887976959
1.69200000000000 0.438792425321235
1.70400000000000 0.433526916217380
1.71600000000000 0.428324593222772
1.72800000000000 0.436725113097928
1.74000000000000 0.459505530122958
1.75200000000000 0.469709040076983
1.76400000000000 0.464072531596059
1.77600000000000 0.458503661216907
1.78800000000000 0.453001617282304
1.80000000000000 0.447565597874916
1.81200000000000 0.442194810700417
1.82400000000000 0.436888472972012
1.83600000000000 0.431645811296348
1.84800000000000 0.426466061560792
1.86000000000000 0.421348468822062
1.87200000000000 0.416292287196197
1.88400000000000 0.411296779749843
1.89600000000000 0.406361218392845
1.90800000000000 0.401484883772131
1.92000000000000 0.396667065166865
1.93200000000000 0.391907060384863
1.94400000000000 0.387204175660244
1.95600000000000 0.382557725552322
1.96800000000000 0.377967032845694
1.98000000000000 0.373431428451545
1.99200000000000 0.368950251310127
2.00400000000000 0.364522848294405
2.01600000000000 0.360148574114872
2.02800000000000 0.355826791225494
2.04000000000000 0.351556869730788
2.05200000000000 0.347338187294018
2.06400000000000 0.373923875216819
2.07600000000000 0.397149701069352
2.08800000000000 0.404845182724066
2.10000000000000 0.399987040531377
2.11200000000000 0.395187196045001
2.12400000000000 0.390444949692461
2.13600000000000 0.385759610296151
2.14800000000000 0.381130494972597
2.16000000000000 0.376556929032926
2.17200000000000 0.372038245884531
2.18400000000000 0.367573786933917
2.19600000000000 0.363162901490710
2.20800000000000 0.358804946672821
2.22000000000000 0.354499287312747
2.23200000000000 0.350245295864994
2.24400000000000 0.346042352314614
2.25600000000000 0.341889844086839
2.26800000000000 0.337787165957797
2.28000000000000 0.333733719966303
2.29200000000000 0.329728915326708
2.30400000000000 0.325772168342787
2.31600000000000 0.321862902322674
2.32800000000000 0.318000547494802
2.34000000000000 0.314184540924864
2.35200000000000 0.310414326433766
2.36400000000000 0.306689354516561
2.37600000000000 0.303009082262362
2.38800000000000 0.333291455230124
2.40000000000000 0.369366101079844
2.41200000000000 0.393591821684839
2.42400000000000 0.399937496881492
2.43600000000000 0.395138246918914
2.44800000000000 0.390396587955887
2.46000000000000 0.385711828900417
2.47200000000000 0.381083286953612
2.48400000000000 0.376510287510168
2.49600000000000 0.371992164060046
2.50800000000000 0.367528258091326
2.52000000000000 0.363117918994230
2.53200000000000 0.358760503966299
2.54400000000000 0.354455377918703
2.55600000000000 0.350201913383679
2.56800000000000 0.345999490423075
2.58000000000000 0.341847496537998
2.59200000000000 0.337745326579542
2.60400000000000 0.333692382660587
2.61600000000000 0.329688074068660
2.62800000000000 0.325731817179836
2.64000000000000 0.321823035373678
2.65200000000000 0.317961158949194
2.66400000000000 0.314145625041804
2.67600000000000 0.310375877541302
2.68800000000000 0.306651367010807
2.70000000000000 0.302971550606677
2.71200000000000 0.330395383216400
2.72400000000000 0.381054569232592
2.73600000000000 0.424790675454980
2.74800000000000 0.450919445000083
2.76000000000000 0.455366323634081
2.77200000000000 0.449901927750472
2.78400000000000 0.444503104617467
2.79600000000000 0.439169067362057
2.80800000000000 0.433899038553712
2.82000000000000 0.428692250091068
2.83200000000000 0.423547943089975
2.84400000000000 0.418465367772895
2.85600000000000 0.413443783359620
2.86800000000000 0.408482457959305
2.88000000000000 0.403580668463793
2.89200000000000 0.398737700442228
2.90400000000000 0.393952848036921
2.91600000000000 0.389225413860478
2.92800000000000 0.384554708894152
2.94000000000000 0.379940052387422
2.95200000000000 0.375380771758773
2.96400000000000 0.370876202497668
2.97600000000000 0.366425688067696
2.98800000000000 0.362028579810884
3.00000000000000 0.357684236853153
3.01200000000000 0.353392026010915
3.02400000000000 0.349151321698784
3.03600000000000 0.344961505838399
3.04800000000000 0.409731959144656
3.06000000000000 0.478111218576210
3.07200000000000 0.530090347789989
3.08400000000000 0.557771358183104
3.09600000000000 0.557855181365062
3.10800000000000 0.551160919188681
3.12000000000000 0.544546988158417
3.13200000000000 0.538012424300516
3.14400000000000 0.531556275208910
3.15600000000000 0.525177599906403
3.16800000000000 0.518875468707526
3.18000000000000 0.512648963083036
3.19200000000000 0.506497175526039
3.20400000000000 0.500419209419727
3.21600000000000 0.494414178906690
3.22800000000000 0.488481208759810
3.24000000000000 0.482619434254692
3.25200000000000 0.476828001043636
3.26400000000000 0.471106065031112
3.27600000000000 0.465452792250739
3.28800000000000 0.459867358743730
3.30000000000000 0.454348950438805
3.31200000000000 0.448896763033539
3.32400000000000 0.443510001877137
3.33600000000000 0.438187881854611
3.34800000000000 0.432929627272356
3.36000000000000 0.427734471745088
3.37200000000000 0.447498437060893
3.38400000000000 0.528311174808104
3.39600000000000 0.608266017059083
3.40800000000000 0.665643461554375
3.42000000000000 0.691886492203359
3.43200000000000 0.683583854296919
3.44400000000000 0.675380848045356
3.45600000000000 0.667276277868811
3.46800000000000 0.659268962534385
3.48000000000000 0.651357734983973
3.49200000000000 0.643541442164165
3.50400000000000 0.635818944858195
3.51600000000000 0.628189117519897
3.52800000000000 0.620650848109658
3.54000000000000 0.613203037932342
3.55200000000000 0.605844601477154
3.56400000000000 0.598574466259428
3.57600000000000 0.591391572664315
3.58800000000000 0.584294873792343
3.60000000000000 0.577283335306835
3.61200000000000 0.570355935283153
3.62400000000000 0.563511664059755
3.63600000000000 0.556749524091038
3.64800000000000 0.550068529801946
3.66000000000000 0.543467707444322
3.67200000000000 0.536946094954991
3.68400000000000 0.530502741815531
3.69600000000000 0.524136708913744
3.70800000000000 0.560787241015943
3.72000000000000 0.655834653693899
3.73200000000000 0.744301038308281
3.74400000000000 0.803343582552986
3.75600000000000 0.824140211987810
3.76800000000000 0.814250529443956
3.78000000000000 0.804479523090629
3.79200000000000 0.794825768813541
3.80400000000000 0.785287859587779
3.81600000000000 0.775864405272725
3.82800000000000 0.766554032409453
3.84000000000000 0.757355384020539
3.85200000000000 0.748267119412293
3.86400000000000 0.739287913979345
3.87600000000000 0.730416459011593
3.88800000000000 0.721651461503454
3.90000000000000 0.712991643965413
3.91200000000000 0.704435744237828
3.92400000000000 0.695982515306974
3.93600000000000 0.687630725123290
3.94800000000000 0.679379156421810
3.96000000000000 0.671226606544749
3.97200000000000 0.663171887266212
3.98400000000000 0.655213824619017
3.99600000000000 0.647351258723589
4.00800000000000 0.639583043618906
4.02000000000000 0.631908047095479
4.03200000000000 0.624325150530333
4.04400000000000 0.667815598592571
4.05600000000000 0.769220158781440
4.06800000000000 0.859460679687916
4.08000000000000 0.914552734331964
4.09200000000000 0.925656995893895
4.10400000000000 0.914549111943169
4.11600000000000 0.903574522599851
4.12800000000000 0.892731628328652
4.14000000000000 0.882018848788709
4.15200000000000 0.871434622603244
4.16400000000000 0.860977407132005
4.17600000000000 0.850645678246421
4.18800000000000 0.840437930107464
4.20000000000000 0.830352674946174
4.21200000000000 0.820388442846820
4.22400000000000 0.810543781532658
4.23600000000000 0.800817256154267
4.24800000000000 0.791207449080415
4.26000000000000 0.781712959691450
4.27200000000000 0.772332404175153
4.28400000000000 0.763064415325051
4.29600000000000 0.753907642341150
4.30800000000000 0.744860750633057
4.32000000000000 0.735922421625460
4.33200000000000 0.727091352565954
4.34400000000000 0.718366256335163
4.35600000000000 0.709745861259141
4.36800000000000 0.701228910924031
4.38000000000000 0.745514491525041
4.39200000000000 0.845136219964543
4.40400000000000 0.929794904407399
4.41600000000000 0.975530187132696
4.42800000000000 0.963823824887103
4.44000000000000 0.952257938988458
4.45200000000000 0.940830843720596
4.46400000000000 0.929540873595949
4.47600000000000 0.918386383112798
4.48800000000000 0.907365746515444
4.50000000000000 0.896477357557259
4.51200000000000 0.885719629266572
4.52400000000000 0.875090993715373
4.53600000000000 0.864589901790788
4.54800000000000 0.854214822969299
4.56000000000000 0.843964245093667
4.57200000000000 0.833836674152543
4.58400000000000 0.823830634062713
4.59600000000000 0.813944666453960
4.60800000000000 0.804177330456513
4.62000000000000 0.794527202491035
4.63200000000000 0.784992876061142
4.64400000000000 0.775572961548408
4.65600000000000 0.766266086009828
4.66800000000000 0.757070892977710
4.68000000000000 0.747986042261977
4.69200000000000 0.739010209754833
4.70400000000000 0.730142087237775
4.71600000000000 0.775483630737116
4.72800000000000 0.867227427107886
4.74000000000000 0.940355241513073
4.75200000000000 0.973114174250947
4.76400000000000 0.961436804159935
4.77600000000000 0.949899562510016
4.78800000000000 0.938500767759896
4.80000000000000 0.927238758546777
4.81200000000000 0.916111893444216
4.82400000000000 0.905118550722885
4.83600000000000 0.894257128114211
4.84800000000000 0.883526042576840
4.86000000000000 0.872923730065918
4.87200000000000 0.862448645305127
4.88400000000000 0.852099261561465
4.89600000000000 0.841874070422728
4.90800000000000 0.831771581577655
4.92000000000000 0.821790322598723
4.93200000000000 0.811928838727539
4.94400000000000 0.802185692662808
4.95600000000000 0.792559464350854
4.96800000000000 0.783048750778644
4.98000000000000 0.773652165769301
4.99200000000000 0.764368339780069
5.00400000000000 0.755195919702708
5.01600000000000 0.746133568666276
5.02800000000000 0.737179965842280
5.04000000000000 0.728333806252173
5.05200000000000 0.758877566573240
5.06400000000000 0.833410644954796
5.07600000000000 0.889874464210635
5.08800000000000 0.908133942392625
5.10000000000000 0.897236335083914
5.11200000000000 0.886469499062907
5.12400000000000 0.875831865074152
5.13600000000000 0.865321882693262
5.14800000000000 0.854938020100943
5.16000000000000 0.844678763859732
5.17200000000000 0.834542618693415
5.18400000000000 0.824528107269094
5.19600000000000 0.814633769981865
5.20800000000000 0.804858164742082
5.22000000000000 0.795199866765177
5.23200000000000 0.785657468363995
5.24400000000000 0.776229578743627
5.25600000000000 0.766914823798704
5.26800000000000 0.757711845913119
5.28000000000000 0.748619303762162
5.29200000000000 0.739635872117016
5.30400000000000 0.730760241651612
5.31600000000000 0.721991118751792
5.32800000000000 0.713327225326771
5.34000000000000 0.704767298622850
5.35200000000000 0.696310091039375
5.36400000000000 0.687954369946903
5.37600000000000 0.679698917507540
5.38800000000000 0.695242352223582
5.40000000000000 0.750440589196922
5.41200000000000 0.789462161562175
5.42400000000000 0.794731977004861
5.43600000000000 0.785195193280803
5.44800000000000 0.775772850961433
5.46000000000000 0.766463576749896
5.47200000000000 0.757266013828897
5.48400000000000 0.748178821662950
5.49600000000000 0.739200675802995
5.50800000000000 0.730330267693359
5.52000000000000 0.721566304481039
5.53200000000000 0.712907508827266
5.54400000000000 0.704352618721339
5.55600000000000 0.695900387296683
5.56800000000000 0.687549582649123
5.58000000000000 0.679298987657333
5.59200000000000 0.671147399805445
5.60400000000000 0.663093631007780
5.61600000000000 0.655136507435687
5.62800000000000 0.647274869346458
5.64000000000000 0.639507570914301
5.65200000000000 0.631833480063329
5.66400000000000 0.624251478302569
5.67600000000000 0.616760460562939
5.68800000000000 0.609359335036183
5.70000000000000 0.602047023015749
5.71200000000000 0.594822458739560
5.72400000000000 0.599972192856070
5.73600000000000 0.637859262434284
5.74800000000000 0.661838570303932
5.76000000000000 0.653896507460285
5.77200000000000 0.646049749370761
5.78400000000000 0.638297152378312
5.79600000000000 0.630637586549773
5.80800000000000 0.623069935511175
5.82000000000000 0.615593096285041
5.83200000000000 0.608205979129621
5.84400000000000 0.600907507380065
5.85600000000000 0.593696617291504
5.86800000000000 0.586572257884006
5.88000000000000 0.579533390789398
5.89200000000000 0.572578990099925
5.90400000000000 0.565708042218726
5.91600000000000 0.558919545712102
5.92800000000000 0.552212511163556
5.94000000000000 0.545585961029594
5.95200000000000 0.539038929497239
5.96400000000000 0.532570462343272
5.97600000000000 0.526179616795152
5.98800000000000 0.519865461393611
6.00000000000000 0.513627075856887
